Using device 0: "NVIDIA GeForce RTX 3060"
Solving on CPU...
changes
Client 0
4 9 8 9 1 9 3 6 7 5 7 2 6 1 5 1 3 1 4 0 1 4 3 0 5 0 2 0 9 1 1 3 1 9 3 2 9 7 9 7 2 6 0 9 8 5 0 1 6 4 2 8 9 6 9 4 6 2 5 6 3 7 0 5 6 3 7 6 1 6 3 3 3 3 3 2 8 3 3 5 8 6 4 8 2 3 2 9 5 8 5 8 5 5 3 2 9 1 8 1 8 1 5 2 4 8 4 3 1 8 8 0 4 2 8 7 5 1 6 0 0 2 9 6 8 3 8 8 4 6 9 3 8 4 5 3 2 9 6 4 7 5 5 2 7 4 9 3 5 6 3 5 9 3 2 7 6 0 6 1 7 5 5 5 9 0 8 2 9 5 7 7 0 2 9 8 6 9 1 1 5 5 7 5 8 9 3 5 0 9 7 7 4 2 3 4 3 2 7 3 7 4 0 8 6 9 6 3 8 7 4 4 2 2 0 1 2 3 7 3 2 5 1 7 8 4 1 1 7 9 4 5 3 4 3 0 4 9 3 3 7 8 8 0 1 8 2 4 1 9 7 3 4 8 0 2 3 2 4 0 2 8 5 5 3 8 6 7 8 9 1 6 7 9 6 8 7 8 2 8 8 0 2 3 8 3 5 1 6 9 2 8 8 7 4 1 6 0 9 4 9 0 0 7 9 7 6 7 6 9 6 4 9 9 8 8 2 3 0 9 3 2 7 2 9 2 3 6 2 3 0 2 3 1 9 3 9 5 0 5 5 7 0 4 6 8 3 9 2 3 8 6 5 6 8 5 8 2 1 0 5 2 2 9 4 2 2 3 8 3 9 3 1 0 8 7 9 1 6 2 4 4 8 0 1 7 6 9 9 8 0 5 0 3 5 5 5 8 9 4 1 8 7 2 9 6 0 8 7 6 0 2 1 9 3 2 7 9 2 6 8 2 2 9 5 7 4 1 5 3 5 7 2 3 0 2 9 1 0 7 8 1 0 0 1 3 3 8 3 5 5 1 8 8 0 3 6 4 5 1 8 0 9 1 4 0 3 4 1 4 1 0 6 1 0 7 5 3 6 8 8 1 0 6 0 0 0 6 5 5 8 4 6 7 5 1 8 8 5 0 2 7 0 9 9 0 6 4 3 3 3 2 
account
Client 0
4 13 21 30 31 40 43 49 56 61 68 70 76 77 82 83 86 87 91 91 92 96 99 99 104 104 106 106 115 116 117 120 121 130 133 135 144 151 160 167 169 175 175 184 192 197 197 198 204 208 210 218 227 233 242 246 252 254 259 265 268 275 275 280 286 289 296 302 303 309 312 315 318 321 324 326 334 337 340 345 353 359 363 371 373 376 378 387 392 400 405 413 418 423 426 428 437 438 446 447 455 456 461 463 467 475 479 482 483 491 499 499 503 505 513 520 525 526 532 532 532 534 543 549 557 560 568 576 580 586 595 598 606 610 615 618 620 629 635 639 646 651 656 658 665 669 678 681 686 692 695 700 709 712 714 721 727 727 733 734 741 746 751 756 765 765 773 775 784 789 796 803 803 805 814 822 828 837 838 839 844 849 856 861 869 878 881 886 886 895 902 909 913 915 918 922 925 927 934 937 944 948 948 956 962 971 977 980 988 995 999 1003 1005 1007 1007 1008 1010 1013 1020 1023 1025 1030 1031 1038 1046 1050 1051 1052 1059 1068 1072 1077 1080 1084 1087 1087 1091 1100 1103 1106 1113 1121 1129 1129 1130 1138 1140 1144 1145 1154 1161 1164 1168 1176 1176 1178 1181 1183 1187 1187 1189 1197 1202 1207 1210 1218 1224 1231 1239 1248 1249 1255 1262 1271 1277 1285 1292 1300 1302 1310 1318 1318 1320 1323 1331 1334 1339 1340 1346 1355 1357 1365 1373 1380 1384 1385 1391 1391 1400 1404 1413 1413 1413 1420 1429 1436 1442 1449 1455 1464 1470 1474 1483 1492 1500 1508 1510 1513 1513 1522 1525 1527 1534 1536 1545 1547 1550 1556 1558 1561 1561 1563 1566 1567 1576 1579 1588 1593 1593 1598 1603 1610 1610 1614 1620 1628 1631 1640 1642 1645 1653 1659 1664 1670 1678 1683 1691 1693 1694 1694 1699 1701 1703 1712 1716 1718 1720 1723 1731 1734 1743 1746 1747 1747 1755 1762 1771 1772 1778 1780 1784 1788 1796 1796 1797 1804 1810 1819 1828 1836 1836 1841 1841 1844 1849 1854 1859 1867 1876 1880 1881 1889 1896 1898 1907 1913 1913 1921 1928 1934 1934 1936 1937 1946 1949 1951 1958 1967 1969 1975 1983 1985 1987 1996 2001 2008 2012 2013 2018 2021 2026 2033 2035 2038 2038 2040 2049 2050 2050 2057 2065 2066 2066 2066 2067 2070 2073 2081 2084 2089 2094 2095 2103 2111 2111 2114 2120 2124 2129 2130 2138 2138 2147 2148 2152 2152 2155 2159 2160 2164 2165 2165 2171 2172 2172 2179 2184 2187 2193 2201 2209 2210 2210 2216 2216 2216 2216 2222 2227 2232 2240 2244 2250 2257 2262 2263 2271 2279 2284 2284 2286 2293 2293 2302 2311 2311 2317 2321 2324 2327 2330 2332 
CPU performance: 250.000000 megavalues/s
Solving on GPU...
n: 4 9 8 9 1 9 3 6 7 5 7 2 6 1 5 1 3 1 4 0 1 4 3 0 5 0 2 0 9 1 1 3 1 9 3 2 9 7 9 7 2 6 0 9 8 5 0 1 6 4 2 8 9 6 9 4 6 2 5 6 3 7 0 5 6 3 7 6 1 6 3 3 3 3 3 2 8 3 3 5 8 6 4 8 2 3 2 9 5 8 5 8 5 5 3 2 9 1 8 1 8 1 5 2 4 8 4 3 1 8 8 0 4 2 8 7 5 1 6 0 0 2 9 6 8 3 8 8 4 6 9 3 8 4 5 3 2 9 6 4 7 5 5 2 7 4 9 3 5 6 3 5 9 3 2 7 6 0 6 1 7 5 5 5 9 0 8 2 9 5 7 7 0 2 9 8 6 9 1 1 5 5 7 5 8 9 3 5 0 9 7 7 4 2 3 4 3 2 7 3 7 4 0 8 6 9 6 3 8 7 4 4 2 2 0 1 2 3 7 3 2 5 1 7 8 4 1 1 7 9 4 5 3 4 3 0 4 9 3 3 7 8 8 0 1 8 2 4 1 9 7 3 4 8 0 2 3 2 4 0 2 8 5 5 3 8 6 7 8 9 1 6 7 9 6 8 7 8 2 8 8 0 2 3 8 3 5 1 6 9 2 8 8 7 4 1 6 0 9 4 9 0 0 7 9 7 6 7 6 9 6 4 9 9 8 8 2 3 0 9 3 2 7 2 9 2 3 6 2 3 0 2 3 1 9 3 9 5 0 5 5 7 0 4 6 8 3 9 2 3 8 6 5 6 8 5 8 2 1 0 5 2 2 9 4 2 2 3 8 3 9 3 1 0 8 7 9 1 6 2 4 4 8 0 1 7 6 9 9 8 0 5 0 3 5 5 5 8 9 4 1 8 7 2 9 6 0 8 7 6 0 2 1 9 3 2 7 9 2 6 8 2 2 9 5 7 4 1 5 3 5 7 2 3 0 2 9 1 0 7 8 1 0 0 1 3 3 8 3 5 5 1 8 8 0 3 6 4 5 1 8 0 9 1 4 0 3 4 1 4 1 0 6 1 0 7 5 3 6 8 8 1 0 6 0 0 0 6 5 5 8 4 6 7 5 1 8 8 5 0 2 7 0 9 9 0 6 4 3 3 3 2 
0 0 0 0 0 0 0 0 0 0 0 0 0 0 0 0 0 0 0 0 0 0 0 0 0 0 0 0 0 0 0 0 0 0 0 0 0 0 0 0 0 0 0 0 0 0 0 0 0 0 0 0 0 0 0 0 0 0 0 0 0 0 0 0 0 0 0 0 0 0 0 0 0 0 0 0 0 0 0 0 0 0 0 0 0 0 0 0 0 0 0 0 0 0 0 0 0 0 0 0 0 0 0 0 0 0 0 0 0 0 0 0 0 0 0 0 0 0 0 0 0 0 0 0 0 0 0 0 0 0 0 0 0 0 0 0 0 0 0 0 0 0 0 0 0 0 0 0 0 0 0 0 0 0 0 0 0 0 0 0 0 0 0 0 0 0 0 0 0 0 0 0 0 0 0 0 0 0 0 0 0 0 0 0 0 0 0 0 0 0 0 0 0 0 0 0 0 0 0 0 0 0 0 0 0 0 0 0 0 0 0 0 0 0 0 0 0 0 0 0 0 0 0 0 0 0 0 0 0 0 0 0 0 0 0 0 0 0 0 0 0 0 0 0 0 0 0 0 0 0 0 0 0 0 0 0 0 0 0 0 0 0 0 0 0 0 0 0 0 0 0 0 0 0 0 0 0 0 0 0 0 0 0 0 0 0 0 0 0 0 0 0 0 0 0 0 0 0 0 0 0 0 0 0 0 0 0 0 0 0 0 0 0 0 0 0 0 0 0 0 0 0 0 0 0 0 0 0 0 0 0 0 0 0 0 0 0 0 0 0 0 0 0 0 0 0 0 0 0 0 0 0 0 0 0 0 0 0 0 0 0 0 0 0 0 0 0 0 0 0 0 0 0 0 0 0 0 0 0 0 0 0 0 0 0 0 0 0 0 0 0 0 0 0 0 0 0 0 0 0 0 0 0 0 0 0 0 0 0 0 0 0 0 0 0 0 0 0 0 0 0 0 0 0 0 0 0 0 0 0 0 0 0 0 0 0 0 0 0 0 0 0 0 0 0 0 0 0 0 0 0 0 0 0 0 0 0 0 0 0 0 0 0 0 0 0 0 0 0 0 0 0 0 0 0 0 0 0 0 0 0 0 0 0 0 0 0 0 0 0 0 0 0 0 0 0 0 0 0 0 0 0 0 0 0 0 0 0 0 0 0 0 
4 13 21 30 31 40 43 49 56 61 68 70 76 77 82 83 86 87 91 91 92 96 99 99 104 104 106 106 115 116 117 120 121 130 133 135 144 151 160 167 169 175 175 184 192 197 197 198 204 208 210 218 227 233 242 246 252 254 259 265 268 275 275 280 286 289 296 302 303 309 312 315 318 321 324 326 334 337 340 345 353 359 363 371 373 376 378 387 392 400 405 413 418 423 426 428 437 438 446 447 455 456 461 463 467 475 479 482 483 491 499 499 503 505 513 520 525 526 532 532 532 534 543 549 557 560 568 576 580 586 595 598 606 610 615 618 620 629 635 639 646 651 656 658 665 669 678 681 686 692 695 700 709 712 714 721 727 727 733 734 741 746 751 756 765 765 773 775 784 789 796 803 803 805 814 822 828 837 838 839 844 849 856 861 869 878 881 886 886 895 902 909 913 915 918 922 925 927 934 937 944 948 948 956 962 971 977 980 988 995 999 1003 1005 1007 1007 1008 1010 1013 1020 1023 1025 1030 1031 1038 1046 1050 1051 1052 1059 1068 1072 1077 1080 1084 1087 1087 1091 1100 1103 1106 1113 1121 1129 1129 1130 1138 1140 1144 1145 1154 1161 1164 1168 1176 1176 1178 1181 1183 1187 1187 1189 1197 1202 1207 1210 1218 1224 1231 1239 1248 1249 1255 1262 1271 1277 1285 1292 1300 1302 1310 1318 1318 1320 1323 1331 1334 1339 1340 1346 1355 1357 1365 1373 1380 1384 1385 1391 1391 1400 1404 1413 1413 1413 1420 1429 1436 1442 1449 1455 1464 1470 1474 1483 1492 1500 1508 1510 1513 1513 1522 1525 1527 1534 1536 1545 1547 1550 1556 1558 1561 1561 1563 1566 1567 1576 1579 1588 1593 1593 1598 1603 1610 1610 1614 1620 1628 1631 1640 1642 1645 1653 1659 1664 1670 1678 1683 1691 1693 1694 1694 1699 1701 1703 1712 1716 1718 1720 1723 1731 1734 1743 1746 1747 1747 1755 1762 1771 1772 1778 1780 1784 1788 1796 1796 1797 1804 1810 1819 1828 1836 1836 1841 1841 1844 1849 1854 1859 1867 1876 1880 1881 1889 1896 1898 1907 1913 1913 1921 1928 1934 1934 1936 1937 1946 1949 1951 1958 1967 1969 1975 1983 1985 1987 1996 2001 2008 2012 2013 2018 2021 2026 2033 2035 2038 2038 2040 2049 2050 2050 2057 2065 2066 2066 2066 2067 2070 2073 2081 2084 2089 2094 2095 2103 2111 2111 2114 2120 2124 2129 2130 2138 2138 2147 2148 2152 2152 2155 2159 2160 2164 2165 2165 2171 2172 2172 2179 2184 2187 2193 2201 2209 2210 2210 2216 2216 2216 2216 2222 2227 2232 2240 2244 2250 2257 2262 2263 2271 2279 2284 2284 2286 2293 2293 2302 2311 2311 2317 2321 2324 2327 2330 2332 
sums: 2332 
GPU performance: 0.045079 megavalues/s
